9.740672293421509531e-01
5.022464855150743368e-01
4.990903897718949600e-01
4.944070960794176295e-01
4.891625093175219208e-01
4.829295444024073736e-01
4.768561627957728088e-01
4.748616563035296112e-01
4.685146448674140096e-01
4.642886445893869563e-01
4.574283736866789907e-01
4.523010145534168691e-01
4.475641885361114070e-01
4.415139269519162135e-01
4.365433690609870077e-01
4.317845845377290548e-01
4.257964495714608999e-01
4.195830140795026586e-01
4.146676884069070979e-01
4.090639128313436346e-01
4.023463683468954666e-01
4.002766725304838791e-01
3.962717373649795594e-01
3.902956491166895137e-01
3.840326074655954214e-01
3.785611929057480229e-01
3.736269803016216695e-01
3.709778464459753677e-01
3.669872941908898234e-01
3.622774176009289637e-01
3.571361125289619909e-01
3.526865805124307363e-01
3.515880978726721451e-01
3.454137250974581019e-01
3.458249437344538824e-01
3.412973528558557734e-01
3.368466697730027049e-01
3.337279414975797831e-01
3.313799469501941264e-01
3.287863766218160899e-01
3.253299214623190938e-01
3.224227389731964544e-01
3.230122397472331985e-01
3.157207195634965657e-01
3.136931487492152781e-01
3.119243867211527466e-01
3.131836846277311071e-01
3.062923860240292506e-01
3.069541794913155930e-01
3.025034727988304972e-01
3.006494614210995509e-01
3.003046624846272827e-01
2.996313088125996948e-01
2.965590183611039876e-01
2.937638260327376516e-01
2.916857174464634328e-01
2.927244104348220022e-01
2.904863763939250498e-01
2.872990269165534571e-01
2.843971693670594991e-01
2.847910012517656519e-01
2.800215680103797511e-01
2.799241937600173147e-01
2.793589814916833669e-01
2.798030980221636876e-01
2.766988896704339340e-01
2.755060687467649205e-01
2.743674752774176717e-01
2.721023859528752253e-01
2.712027817577510880e-01
2.712978972243024200e-01
2.687360234074778198e-01
2.659740146104391245e-01
2.642659775235436381e-01
2.636226251140817434e-01
2.623240289750037313e-01
2.637123467473240779e-01
2.638732071046705485e-01
2.606881347956595540e-01
2.586777262486420481e-01
2.601988600058989243e-01
2.553383479644725784e-01
2.558427816861635895e-01
2.537294664940276667e-01
2.549787287588243245e-01
2.548562441166345449e-01
2.523679630709932953e-01
2.504878344086857722e-01
2.482797853745423444e-01
2.482008974660526723e-01
2.487427621305763059e-01
2.454066530063554741e-01
2.460014655605539113e-01
2.464339547343068204e-01
2.456253581232838712e-01
2.427603538547243311e-01
2.424037052052361585e-01
2.399737854282577298e-01
2.413175837560133374e-01
2.390314160616366923e-01
