3.291417282897156404e+00
1.620816932096109664e+00
1.611190424337015425e+00
1.599414709326508754e+00
1.585956074974753660e+00
1.570383937327892721e+00
1.555275853578146350e+00
1.549922333135233199e+00
1.533315370609233952e+00
1.521632998020618022e+00
1.501009225845336914e+00
1.487802722237326902e+00
1.476403501126673401e+00
1.456953107536613112e+00
1.442374215497598922e+00
1.428366027869187427e+00
1.411337064458178192e+00
1.392703872222404993e+00
1.376049865375865489e+00
1.361935163473154020e+00
1.340161476816449815e+00
1.333718434556738108e+00
1.320854516772480780e+00
1.300549021014919537e+00
1.283026617842835337e+00
1.265078775294415259e+00
1.250498157042961633e+00
1.244625373320146000e+00
1.230391008513314288e+00
1.214379044322224432e+00
1.198547751872570455e+00
1.182931085685630990e+00
1.180888590874610067e+00
1.162657116914724398e+00
1.160727982397203428e+00
1.147801580367150187e+00
1.132537437723828644e+00
1.122265318771461295e+00
1.114906286264394808e+00
1.106753877231053007e+00
1.095357275628424221e+00
1.086509436755985325e+00
1.086744576305538112e+00
1.065153851911619043e+00
1.056802076952797931e+00
1.053845722953994590e+00
1.055542068047957027e+00
1.034399463758840287e+00
1.033019387102746434e+00
1.022435089984497392e+00
1.012430090408820593e+00
1.012546379844863731e+00
1.012093170896753103e+00
9.976930231242985281e-01
9.927223030622903677e-01
9.834974980973577585e-01
9.866155076336551311e-01
9.827273317745753856e-01
9.720111024844182435e-01
9.614568414626183390e-01
9.613005627285350352e-01
9.464969309893521698e-01
9.455424462045941558e-01
9.452964106163421754e-01
9.455933733419938925e-01
9.344145911080496969e-01
9.324501590295271036e-01
9.277012735218196360e-01
9.213981024630657490e-01
9.169816730858443288e-01
9.173093167218294708e-01
9.084698077920195791e-01
8.996984641273300110e-01
8.936681112685760375e-01
8.923070035971604197e-01
8.892207106986602660e-01
8.926149064844305370e-01
8.913016102530739726e-01
8.813715584866412822e-01
8.753942398281840953e-01
8.796796249104784637e-01
8.658947526634513947e-01
8.664610873569141836e-01
8.583359710581890401e-01
8.624690275687676433e-01
8.610395990408860056e-01
8.539301381482706788e-01
8.486581576334966126e-01
8.405245356745534302e-01
8.394077698905746399e-01
8.410911482649964244e-01
8.304929090784741730e-01
8.326296775371997416e-01
8.335580670988405050e-01
8.307204207816680785e-01
8.214619701558892872e-01
8.210693272677335175e-01
8.121205823762076559e-01
8.172537390287820669e-01
8.087882329891253885e-01
