4.914814089490221960e+01
4.487096895490373782e+01
4.133154693207183783e+01
3.887853330141538066e+01
3.650711069478617077e+01
3.409596812260615195e+01
3.186283839832652731e+01
3.013758186241248893e+01
2.829305398619020195e+01
2.686428810714127025e+01
2.575678062438964844e+01
2.449710501633681403e+01
2.337534087044852171e+01
2.257173268206707917e+01
2.183957828174937887e+01
2.126198196411132812e+01
2.082437056999701852e+01
2.016127608658431569e+01
2.010071546381169938e+01
1.929107495097370872e+01
1.903695832289658441e+01
1.847340459947462321e+01
1.847851775528548757e+01
1.802395372266893148e+01
1.785243311795321475e+01
1.773034874804608307e+01
1.744388717799991895e+01
1.734084089700277787e+01
1.705587966720779391e+01
1.709004794777213831e+01
1.700009773303936100e+01
1.676378084157968473e+01
1.654667772565569095e+01
1.652207180122276498e+01
1.654153317290467129e+01
1.632953641321751803e+01
1.605403363859498711e+01
1.610263506158605651e+01
1.607968548366001826e+01
1.564730868401465536e+01
1.580260387024322100e+01
1.589531400606229639e+01
1.562517484441980109e+01
1.534009388514927430e+01
1.540581142128288050e+01
1.540460903613598376e+01
1.506111795252019725e+01
1.518514421388700342e+01
1.505244345479197321e+01
1.524825517233315963e+01
